22
0 10436 4680 6716 8208 3187 9592 948 4384 4726 10733 5873 2761 8496 11204 6045 2406 10155 7835 1139 7460 1867
10436 0 6526 4558 2868 8965 2574 11246 7630 5880 1445 4997 7987 2784 1052 6049 8564 1167 3567 10629 4224 9943
4680 6526 0 2806 4298 3209 5682 5490 1874 816 6823 1963 2231 4586 7294 2135 2808 6245 3925 4873 3550 4187
6716 4558 2806 0 2330 5245 3714 7526 3910 2160 4855 1277 4267 2618 5326 2329 4844 4277 1957 6909 1582 6223
8208 2868 4298 2330 0 6737 2024 9018 5402 3652 3165 2769 5759 928 3636 3821 6336 2587 1339 8401 1996 7715
3187 8965 3209 5245 6737 0 8121 3997 2913 3255 9262 4402 1290 7025 9733 4574 1315 8684 6364 3380 5989 2694
9592 2574 5682 3714 2024 8121 0 10402 6786 5036 2871 4153 7143 1940 3342 5205 7720 2293 2723 9785 3380 9099
948 11246 5490 7526 9018 3997 10402 0 5194 5536 11543 6683 3571 9306 12014 6855 3216 10965 8645 1949 8270 2677
4384 7630 1874 3910 5402 2913 6786 5194 0 1920 7927 3067 1935 5690 8398 3239 2512 7349 5029 4577 4654 3891
4726 5880 816 2160 3652 3255 5036 5536 1920 0 6177 1317 2277 3940 6648 1489 2854 5599 3279 4919 2904 4233
10733 1445 6823 4855 3165 9262 2871 11543 7927 6177 0 5294 8284 3081 2213 6346 8861 1464 3864 10926 4521 10240
5873 4997 1963 1277 2769 4402 4153 6683 3067 1317 5294 0 3424 3057 5765 1486 4001 4716 2396 6066 2021 5380
2761 7987 2231 4267 5759 1290 7143 3571 1935 2277 8284 3424 0 6047 8755 3596 889 7706 5386 2954 5011 2268
8496 2784 4586 2618 928 7025 1940 9306 5690 3940 3081 3057 6047 0 3552 4109 6624 2503 1627 8689 2284 8003
11204 1052 7294 5326 3636 9733 3342 12014 8398 6648 2213 5765 8755 3552 0 6817 9332 1935 4335 11397 4992 10711
6045 6049 2135 2329 3821 4574 5205 6855 3239 1489 6346 1486 3596 4109 6817 0 4173 5768 3448 6238 3073 5552
2406 8564 2808 4844 6336 1315 7720 3216 2512 2854 8861 4001 889 6624 9332 4173 0 8283 5963 2599 5588 1913
10155 1167 6245 4277 2587 8684 2293 10965 7349 5599 1464 4716 7706 2503 1935 5768 8283 0 3286 10348 3943 9662
7835 3567 3925 1957 1339 6364 2723 8645 5029 3279 3864 2396 5386 1627 4335 3448 5963 3286 0 8028 1623 7342
1139 10629 4873 6909 8401 3380 9785 1949 4577 4919 10926 6066 2954 8689 11397 6238 2599 10348 8028 0 7653 2060
7460 4224 3550 1582 1996 5989 3380 8270 4654 2904 4521 2021 5011 2284 4992 3073 5588 3943 1623 7653 0 6967
1867 9943 4187 6223 7715 2694 9099 2677 3891 4233 10240 5380 2268 8003 10711 5552 1913 9662 7342 2060 6967 0